10106250.0000000000
10112375.0000000000
10118500.0000000000
10124625.0000000000
10130750.0000000000
10136875.0000000000
10143000.0000000000
10149125.0000000000
10155250.0000000000
10161375.0000000000
10167500.0000000000
10173625.0000000000
10179750.0000000000
10185875.0000000000
10192000.0000000000
10198125.0000000000
10204250.0000000000
10210375.0000000000
10216500.0000000000
10222625.0000000000
10228750.0000000000
10234875.0000000000
10241000.0000000000
10247125.0000000000
10253250.0000000000
10259375.0000000000
10265500.0000000000
10271625.0000000000
10277750.0000000000
10283875.0000000000
10290000.0000000000
10296125.0000000000
10302250.0000000000
10308375.0000000000
10314500.0000000000
10320625.0000000000
10326750.0000000000
10332875.0000000000
10339000.0000000000
10345125.0000000000
10351250.0000000000
10357375.0000000000
10363500.0000000000
10369625.0000000000
10375750.0000000000
10381875.0000000000
10388000.0000000000
10394125.0000000000
10400250.0000000000
10406375.0000000000
25418750.0000000000
25437375.0000000000
25456000.0000000000
25474625.0000000000
25493250.0000000000
25511875.0000000000
25530500.0000000000
25549125.0000000000
25567750.0000000000
25586375.0000000000
25605000.0000000000
25623625.0000000000
25642250.0000000000
25660875.0000000000
25679500.0000000000
25698125.0000000000
25716750.0000000000
25735375.0000000000
25754000.0000000000
25772625.0000000000
25791250.0000000000
25809875.0000000000
25828500.0000000000
25847125.0000000000
25865750.0000000000
25884375.0000000000
25903000.0000000000
25921625.0000000000
25940250.0000000000
25958875.0000000000
25977500.0000000000
25996125.0000000000
26014750.0000000000
26033375.0000000000
26052000.0000000000
26070625.0000000000
26089250.0000000000
26107875.0000000000
26126500.0000000000
26145125.0000000000
26163750.0000000000
26182375.0000000000
26201000.0000000000
26219625.0000000000
26238250.0000000000
26256875.0000000000
26275500.0000000000
26294125.0000000000
26312750.0000000000
26331375.0000000000
40731250.0000000000
40762375.0000000000
40793500.0000000000
40824625.0000000000
40855750.0000000000
40886875.0000000000
40918000.0000000000
40949125.0000000000
40980250.0000000000
41011375.0000000000
41042500.0000000000
41073625.0000000000
41104750.0000000000
41135875.0000000000
41167000.0000000000
41198125.0000000000
41229250.0000000000
41260375.0000000000
41291500.0000000000
41322625.0000000000
41353750.0000000000
41384875.0000000000
41416000.0000000000
41447125.0000000000
41478250.0000000000
41509375.0000000000
41540500.0000000000
41571625.0000000000
41602750.0000000000
41633875.0000000000
41665000.0000000000
41696125.0000000000
41727250.0000000000
41758375.0000000000
41789500.0000000000
41820625.0000000000
41851750.0000000000
41882875.0000000000
41914000.0000000000
41945125.0000000000
41976250.0000000000
42007375.0000000000
42038500.0000000000
42069625.0000000000
42100750.0000000000
42131875.0000000000
42163000.0000000000
42194125.0000000000
42225250.0000000000
42256375.0000000000
56043750.0000000000
56087375.0000000000
56131000.0000000000
56174625.0000000000
56218250.0000000000
56261875.0000000000
56305500.0000000000
56349125.0000000000
56392750.0000000000
56436375.0000000000
56480000.0000000000
56523625.0000000000
56567250.0000000000
56610875.0000000000
56654500.0000000000
56698125.0000000000
56741750.0000000000
56785375.0000000000
56829000.0000000000
56872625.0000000000
56916250.0000000000
56959875.0000000000
57003500.0000000000
57047125.0000000000
57090750.0000000000
57134375.0000000000
57178000.0000000000
57221625.0000000000
57265250.0000000000
57308875.0000000000
57352500.0000000000
57396125.0000000000
57439750.0000000000
57483375.0000000000
57527000.0000000000
57570625.0000000000
57614250.0000000000
57657875.0000000000
57701500.0000000000
57745125.0000000000
57788750.0000000000
57832375.0000000000
57876000.0000000000
57919625.0000000000
57963250.0000000000
58006875.0000000000
58050500.0000000000
58094125.0000000000
58137750.0000000000
58181375.0000000000
71356250.0000000000
71412375.0000000000
71468500.0000000000
71524625.0000000000
71580750.0000000000
71636875.0000000000
71693000.0000000000
71749125.0000000000
71805250.0000000000
71861375.0000000000
71917500.0000000000
71973625.0000000000
72029750.0000000000
72085875.0000000000
72142000.0000000000
72198125.0000000000
72254250.0000000000
72310375.0000000000
72366500.0000000000
72422625.0000000000
72478750.0000000000
72534875.0000000000
72591000.0000000000
72647125.0000000000
72703250.0000000000
72759375.0000000000
72815500.0000000000
72871625.0000000000
72927750.0000000000
72983875.0000000000
73040000.0000000000
73096125.0000000000
73152250.0000000000
73208375.0000000000
73264500.0000000000
73320625.0000000000
73376750.0000000000
73432875.0000000000
73489000.0000000000
73545125.0000000000
73601250.0000000000
73657375.0000000000
73713500.0000000000
73769625.0000000000
73825750.0000000000
73881875.0000000000
73938000.0000000000
73994125.0000000000
74050250.0000000000
74106375.0000000000
86668750.0000000000
86737375.0000000000
86806000.0000000000
86874625.0000000000
86943250.0000000000
87011875.0000000000
87080500.0000000000
87149125.0000000000
87217750.0000000000
87286375.0000000000
87355000.0000000000
87423625.0000000000
87492250.0000000000
87560875.0000000000
87629500.0000000000
87698125.0000000000
87766750.0000000000
87835375.0000000000
87904000.0000000000
87972625.0000000000
88041250.0000000000
88109875.0000000000
88178500.0000000000
88247125.0000000000
88315750.0000000000
88384375.0000000000
88453000.0000000000
88521625.0000000000
88590250.0000000000
88658875.0000000000
88727500.0000000000
88796125.0000000000
88864750.0000000000
88933375.0000000000
89002000.0000000000
89070625.0000000000
89139250.0000000000
89207875.0000000000
89276500.0000000000
89345125.0000000000
89413750.0000000000
89482375.0000000000
89551000.0000000000
89619625.0000000000
89688250.0000000000
89756875.0000000000
89825500.0000000000
89894125.0000000000
89962750.0000000000
90031375.0000000000
101981250.0000000000
102062375.0000000000
102143500.0000000000
102224625.0000000000
102305750.0000000000
102386875.0000000000
102468000.0000000000
102549125.0000000000
102630250.0000000000
102711375.0000000000
102792500.0000000000
102873625.0000000000
102954750.0000000000
103035875.0000000000
103117000.0000000000
103198125.0000000000
103279250.0000000000
103360375.0000000000
103441500.0000000000
103522625.0000000000
103603750.0000000000
103684875.0000000000
103766000.0000000000
103847125.0000000000
103928250.0000000000
104009375.0000000000
104090500.0000000000
104171625.0000000000
104252750.0000000000
104333875.0000000000
104415000.0000000000
104496125.0000000000
104577250.0000000000
104658375.0000000000
104739500.0000000000
104820625.0000000000
104901750.0000000000
104982875.0000000000
105064000.0000000000
105145125.0000000000
105226250.0000000000
105307375.0000000000
105388500.0000000000
105469625.0000000000
105550750.0000000000
105631875.0000000000
105713000.0000000000
105794125.0000000000
105875250.0000000000
105956375.0000000000
117293750.0000000000
117387375.0000000000
117481000.0000000000
117574625.0000000000
117668250.0000000000
117761875.0000000000
117855500.0000000000
117949125.0000000000
118042750.0000000000
118136375.0000000000
118230000.0000000000
118323625.0000000000
118417250.0000000000
118510875.0000000000
118604500.0000000000
118698125.0000000000
118791750.0000000000
118885375.0000000000
118979000.0000000000
119072625.0000000000
119166250.0000000000
119259875.0000000000
119353500.0000000000
119447125.0000000000
119540750.0000000000
119634375.0000000000
119728000.0000000000
119821625.0000000000
119915250.0000000000
120008875.0000000000
120102500.0000000000
120196125.0000000000
120289750.0000000000
120383375.0000000000
120477000.0000000000
120570625.0000000000
120664250.0000000000
120757875.0000000000
120851500.0000000000
120945125.0000000000
121038750.0000000000
121132375.0000000000
121226000.0000000000
121319625.0000000000
121413250.0000000000
121506875.0000000000
121600500.0000000000
121694125.0000000000
121787750.0000000000
121881375.0000000000
132606250.0000000000
132712375.0000000000
132818500.0000000000
132924625.0000000000
133030750.0000000000
133136875.0000000000
133243000.0000000000
133349125.0000000000
133455250.0000000000
133561375.0000000000
133667500.0000000000
133773625.0000000000
133879750.0000000000
133985875.0000000000
134092000.0000000000
134198125.0000000000
134304250.0000000000
134410375.0000000000
134516500.0000000000
134622625.0000000000
134728750.0000000000
134834875.0000000000
134941000.0000000000
135047125.0000000000
135153250.0000000000
135259375.0000000000
135365500.0000000000
135471625.0000000000
135577750.0000000000
135683875.0000000000
135790000.0000000000
135896125.0000000000
136002250.0000000000
136108375.0000000000
136214500.0000000000
136320625.0000000000
136426750.0000000000
136532875.0000000000
136639000.0000000000
136745125.0000000000
136851250.0000000000
136957375.0000000000
137063500.0000000000
137169625.0000000000
137275750.0000000000
137381875.0000000000
137488000.0000000000
137594125.0000000000
137700250.0000000000
137806375.0000000000
147918750.0000000000
148037375.0000000000
148156000.0000000000
148274625.0000000000
148393250.0000000000
148511875.0000000000
148630500.0000000000
148749125.0000000000
148867750.0000000000
148986375.0000000000
149105000.0000000000
149223625.0000000000
149342250.0000000000
149460875.0000000000
149579500.0000000000
149698125.0000000000
149816750.0000000000
149935375.0000000000
150054000.0000000000
150172625.0000000000
150291250.0000000000
150409875.0000000000
150528500.0000000000
150647125.0000000000
150765750.0000000000
150884375.0000000000
151003000.0000000000
151121625.0000000000
151240250.0000000000
151358875.0000000000
151477500.0000000000
151596125.0000000000
151714750.0000000000
151833375.0000000000
151952000.0000000000
152070625.0000000000
152189250.0000000000
152307875.0000000000
152426500.0000000000
152545125.0000000000
152663750.0000000000
152782375.0000000000
152901000.0000000000
153019625.0000000000
153138250.0000000000
153256875.0000000000
153375500.0000000000
153494125.0000000000
153612750.0000000000
153731375.0000000000
163231250.0000000000
163362375.0000000000
163493500.0000000000
163624625.0000000000
163755750.0000000000
163886875.0000000000
164018000.0000000000
164149125.0000000000
164280250.0000000000
164411375.0000000000
164542500.0000000000
164673625.0000000000
164804750.0000000000
164935875.0000000000
165067000.0000000000
165198125.0000000000
165329250.0000000000
165460375.0000000000
165591500.0000000000
165722625.0000000000
165853750.0000000000
165984875.0000000000
166116000.0000000000
166247125.0000000000
166378250.0000000000
166509375.0000000000
166640500.0000000000
166771625.0000000000
166902750.0000000000
167033875.0000000000
167165000.0000000000
167296125.0000000000
167427250.0000000000
167558375.0000000000
167689500.0000000000
167820625.0000000000
167951750.0000000000
168082875.0000000000
168214000.0000000000
168345125.0000000000
168476250.0000000000
168607375.0000000000
168738500.0000000000
168869625.0000000000
169000750.0000000000
169131875.0000000000
169263000.0000000000
169394125.0000000000
169525250.0000000000
169656375.0000000000
178543750.0000000000
178687375.0000000000
178831000.0000000000
178974625.0000000000
179118250.0000000000
179261875.0000000000
179405500.0000000000
179549125.0000000000
179692750.0000000000
179836375.0000000000
179980000.0000000000
180123625.0000000000
180267250.0000000000
180410875.0000000000
180554500.0000000000
180698125.0000000000
180841750.0000000000
180985375.0000000000
181129000.0000000000
181272625.0000000000
181416250.0000000000
181559875.0000000000
181703500.0000000000
181847125.0000000000
181990750.0000000000
182134375.0000000000
182278000.0000000000
182421625.0000000000
182565250.0000000000
182708875.0000000000
182852500.0000000000
182996125.0000000000
183139750.0000000000
183283375.0000000000
183427000.0000000000
183570625.0000000000
183714250.0000000000
183857875.0000000000
184001500.0000000000
184145125.0000000000
184288750.0000000000
184432375.0000000000
184576000.0000000000
184719625.0000000000
184863250.0000000000
185006875.0000000000
185150500.0000000000
185294125.0000000000
185437750.0000000000
185581375.0000000000
193856250.0000000000
194012375.0000000000
194168500.0000000000
194324625.0000000000
194480750.0000000000
194636875.0000000000
194793000.0000000000
194949125.0000000000
195105250.0000000000
195261375.0000000000
195417500.0000000000
195573625.0000000000
195729750.0000000000
195885875.0000000000
196042000.0000000000
196198125.0000000000
196354250.0000000000
196510375.0000000000
196666500.0000000000
196822625.0000000000
196978750.0000000000
197134875.0000000000
197291000.0000000000
197447125.0000000000
197603250.0000000000
197759375.0000000000
197915500.0000000000
198071625.0000000000
198227750.0000000000
198383875.0000000000
198540000.0000000000
198696125.0000000000
198852250.0000000000
199008375.0000000000
199164500.0000000000
199320625.0000000000
199476750.0000000000
199632875.0000000000
199789000.0000000000
199945125.0000000000
200101250.0000000000
200257375.0000000000
200413500.0000000000
200569625.0000000000
200725750.0000000000
200881875.0000000000
201038000.0000000000
201194125.0000000000
201350250.0000000000
201506375.0000000000
209168750.0000000000
209337375.0000000000
209506000.0000000000
209674625.0000000000
209843250.0000000000
210011875.0000000000
210180500.0000000000
210349125.0000000000
210517750.0000000000
210686375.0000000000
210855000.0000000000
211023625.0000000000
211192250.0000000000
211360875.0000000000
211529500.0000000000
211698125.0000000000
211866750.0000000000
212035375.0000000000
212204000.0000000000
212372625.0000000000
212541250.0000000000
212709875.0000000000
212878500.0000000000
213047125.0000000000
213215750.0000000000
213384375.0000000000
213553000.0000000000
213721625.0000000000
213890250.0000000000
214058875.0000000000
214227500.0000000000
214396125.0000000000
214564750.0000000000
214733375.0000000000
214902000.0000000000
215070625.0000000000
215239250.0000000000
215407875.0000000000
215576500.0000000000
215745125.0000000000
215913750.0000000000
216082375.0000000000
216251000.0000000000
216419625.0000000000
216588250.0000000000
216756875.0000000000
216925500.0000000000
217094125.0000000000
217262750.0000000000
217431375.0000000000
224481250.0000000000
224662375.0000000000
224843500.0000000000
225024625.0000000000
225205750.0000000000
225386875.0000000000
225568000.0000000000
225749125.0000000000
225930250.0000000000
226111375.0000000000
226292500.0000000000
226473625.0000000000
226654750.0000000000
226835875.0000000000
227017000.0000000000
227198125.0000000000
227379250.0000000000
227560375.0000000000
227741500.0000000000
227922625.0000000000
228103750.0000000000
228284875.0000000000
228466000.0000000000
228647125.0000000000
228828250.0000000000
229009375.0000000000
229190500.0000000000
229371625.0000000000
229552750.0000000000
229733875.0000000000
229915000.0000000000
230096125.0000000000
230277250.0000000000
230458375.0000000000
230639500.0000000000
230820625.0000000000
231001750.0000000000
231182875.0000000000
231364000.0000000000
231545125.0000000000
231726250.0000000000
231907375.0000000000
232088500.0000000000
232269625.0000000000
232450750.0000000000
232631875.0000000000
232813000.0000000000
232994125.0000000000
233175250.0000000000
233356375.0000000000
239793750.0000000000
239987375.0000000000
240181000.0000000000
240374625.0000000000
240568250.0000000000
240761875.0000000000
240955500.0000000000
241149125.0000000000
241342750.0000000000
241536375.0000000000
241730000.0000000000
241923625.0000000000
242117250.0000000000
242310875.0000000000
242504500.0000000000
242698125.0000000000
242891750.0000000000
243085375.0000000000
243279000.0000000000
243472625.0000000000
243666250.0000000000
243859875.0000000000
244053500.0000000000
244247125.0000000000
244440750.0000000000
244634375.0000000000
244828000.0000000000
245021625.0000000000
245215250.0000000000
245408875.0000000000
245602500.0000000000
245796125.0000000000
245989750.0000000000
246183375.0000000000
246377000.0000000000
246570625.0000000000
246764250.0000000000
246957875.0000000000
247151500.0000000000
247345125.0000000000
247538750.0000000000
247732375.0000000000
247926000.0000000000
248119625.0000000000
248313250.0000000000
248506875.0000000000
248700500.0000000000
248894125.0000000000
249087750.0000000000
249281375.0000000000
255106250.0000000000
255312375.0000000000
255518500.0000000000
255724625.0000000000
255930750.0000000000
256136875.0000000000
256343000.0000000000
256549125.0000000000
256755250.0000000000
256961375.0000000000
257167500.0000000000
257373625.0000000000
257579750.0000000000
257785875.0000000000
257992000.0000000000
258198125.0000000000
258404250.0000000000
258610375.0000000000
258816500.0000000000
259022625.0000000000
259228750.0000000000
259434875.0000000000
259641000.0000000000
259847125.0000000000
260053250.0000000000
260259375.0000000000
260465500.0000000000
260671625.0000000000
260877750.0000000000
261083875.0000000000
261290000.0000000000
261496125.0000000000
261702250.0000000000
261908375.0000000000
262114500.0000000000
262320625.0000000000
262526750.0000000000
262732875.0000000000
262939000.0000000000
263145125.0000000000
263351250.0000000000
263557375.0000000000
263763500.0000000000
263969625.0000000000
264175750.0000000000
264381875.0000000000
264588000.0000000000
264794125.0000000000
265000250.0000000000
265206375.0000000000
270418750.0000000000
270637375.0000000000
270856000.0000000000
271074625.0000000000
271293250.0000000000
271511875.0000000000
271730500.0000000000
271949125.0000000000
272167750.0000000000
272386375.0000000000
272605000.0000000000
272823625.0000000000
273042250.0000000000
273260875.0000000000
273479500.0000000000
273698125.0000000000
273916750.0000000000
274135375.0000000000
274354000.0000000000
274572625.0000000000
274791250.0000000000
275009875.0000000000
275228500.0000000000
275447125.0000000000
275665750.0000000000
275884375.0000000000
276103000.0000000000
276321625.0000000000
276540250.0000000000
276758875.0000000000
276977500.0000000000
277196125.0000000000
277414750.0000000000
277633375.0000000000
277852000.0000000000
278070625.0000000000
278289250.0000000000
278507875.0000000000
278726500.0000000000
278945125.0000000000
279163750.0000000000
279382375.0000000000
279601000.0000000000
279819625.0000000000
280038250.0000000000
280256875.0000000000
280475500.0000000000
280694125.0000000000
280912750.0000000000
281131375.0000000000
285731250.0000000000
285962375.0000000000
286193500.0000000000
286424625.0000000000
286655750.0000000000
286886875.0000000000
287118000.0000000000
287349125.0000000000
287580250.0000000000
287811375.0000000000
288042500.0000000000
288273625.0000000000
288504750.0000000000
288735875.0000000000
288967000.0000000000
289198125.0000000000
289429250.0000000000
289660375.0000000000
289891500.0000000000
290122625.0000000000
290353750.0000000000
290584875.0000000000
290816000.0000000000
291047125.0000000000
291278250.0000000000
291509375.0000000000
291740500.0000000000
291971625.0000000000
292202750.0000000000
292433875.0000000000
292665000.0000000000
292896125.0000000000
293127250.0000000000
293358375.0000000000
293589500.0000000000
293820625.0000000000
294051750.0000000000
294282875.0000000000
294514000.0000000000
294745125.0000000000
294976250.0000000000
295207375.0000000000
295438500.0000000000
295669625.0000000000
295900750.0000000000
296131875.0000000000
296363000.0000000000
296594125.0000000000
296825250.0000000000
297056375.0000000000
301043750.0000000000
301287375.0000000000
301531000.0000000000
301774625.0000000000
302018250.0000000000
302261875.0000000000
302505500.0000000000
302749125.0000000000
302992750.0000000000
303236375.0000000000
303480000.0000000000
303723625.0000000000
303967250.0000000000
304210875.0000000000
304454500.0000000000
304698125.0000000000
304941750.0000000000
305185375.0000000000
305429000.0000000000
305672625.0000000000
305916250.0000000000
306159875.0000000000
306403500.0000000000
306647125.0000000000
306890750.0000000000
307134375.0000000000
307378000.0000000000
307621625.0000000000
307865250.0000000000
308108875.0000000000
308352500.0000000000
308596125.0000000000
308839750.0000000000
309083375.0000000000
309327000.0000000000
309570625.0000000000
309814250.0000000000
310057875.0000000000
310301500.0000000000
310545125.0000000000
310788750.0000000000
311032375.0000000000
311276000.0000000000
311519625.0000000000
311763250.0000000000
312006875.0000000000
312250500.0000000000
312494125.0000000000
312737750.0000000000
312981375.0000000000
316356250.0000000000
316612375.0000000000
316868500.0000000000
317124625.0000000000
317380750.0000000000
317636875.0000000000
317893000.0000000000
318149125.0000000000
318405250.0000000000
318661375.0000000000
318917500.0000000000
319173625.0000000000
319429750.0000000000
319685875.0000000000
319942000.0000000000
320198125.0000000000
320454250.0000000000
320710375.0000000000
320966500.0000000000
321222625.0000000000
321478750.0000000000
321734875.0000000000
321991000.0000000000
322247125.0000000000
322503250.0000000000
322759375.0000000000
323015500.0000000000
323271625.0000000000
323527750.0000000000
323783875.0000000000
324040000.0000000000
324296125.0000000000
324552250.0000000000
324808375.0000000000
325064500.0000000000
325320625.0000000000
325576750.0000000000
325832875.0000000000
326089000.0000000000
326345125.0000000000
326601250.0000000000
326857375.0000000000
327113500.0000000000
327369625.0000000000
327625750.0000000000
327881875.0000000000
328138000.0000000000
328394125.0000000000
328650250.0000000000
328906375.0000000000
331668750.0000000000
331937375.0000000000
332206000.0000000000
332474625.0000000000
332743250.0000000000
333011875.0000000000
333280500.0000000000
333549125.0000000000
333817750.0000000000
334086375.0000000000
334355000.0000000000
334623625.0000000000
334892250.0000000000
335160875.0000000000
335429500.0000000000
335698125.0000000000
335966750.0000000000
336235375.0000000000
336504000.0000000000
336772625.0000000000
337041250.0000000000
337309875.0000000000
337578500.0000000000
337847125.0000000000
338115750.0000000000
338384375.0000000000
338653000.0000000000
338921625.0000000000
339190250.0000000000
339458875.0000000000
339727500.0000000000
339996125.0000000000
340264750.0000000000
340533375.0000000000
340802000.0000000000
341070625.0000000000
341339250.0000000000
341607875.0000000000
341876500.0000000000
342145125.0000000000
342413750.0000000000
342682375.0000000000
342951000.0000000000
343219625.0000000000
343488250.0000000000
343756875.0000000000
344025500.0000000000
344294125.0000000000
344562750.0000000000
344831375.0000000000
346981250.0000000000
347262375.0000000000
347543500.0000000000
347824625.0000000000
348105750.0000000000
348386875.0000000000
348668000.0000000000
348949125.0000000000
349230250.0000000000
349511375.0000000000
349792500.0000000000
350073625.0000000000
350354750.0000000000
350635875.0000000000
350917000.0000000000
351198125.0000000000
351479250.0000000000
351760375.0000000000
352041500.0000000000
352322625.0000000000
352603750.0000000000
352884875.0000000000
353166000.0000000000
353447125.0000000000
353728250.0000000000
354009375.0000000000
354290500.0000000000
354571625.0000000000
354852750.0000000000
355133875.0000000000
355415000.0000000000
355696125.0000000000
355977250.0000000000
356258375.0000000000
356539500.0000000000
356820625.0000000000
357101750.0000000000
357382875.0000000000
357664000.0000000000
357945125.0000000000
358226250.0000000000
358507375.0000000000
358788500.0000000000
359069625.0000000000
359350750.0000000000
359631875.0000000000
359913000.0000000000
360194125.0000000000
360475250.0000000000
360756375.0000000000
362293750.0000000000
362587375.0000000000
362881000.0000000000
363174625.0000000000
363468250.0000000000
363761875.0000000000
364055500.0000000000
364349125.0000000000
364642750.0000000000
364936375.0000000000
365230000.0000000000
365523625.0000000000
365817250.0000000000
366110875.0000000000
366404500.0000000000
366698125.0000000000
366991750.0000000000
367285375.0000000000
367579000.0000000000
367872625.0000000000
368166250.0000000000
368459875.0000000000
368753500.0000000000
369047125.0000000000
369340750.0000000000
369634375.0000000000
369928000.0000000000
370221625.0000000000
370515250.0000000000
370808875.0000000000
371102500.0000000000
371396125.0000000000
371689750.0000000000
371983375.0000000000
372277000.0000000000
372570625.0000000000
372864250.0000000000
373157875.0000000000
373451500.0000000000
373745125.0000000000
374038750.0000000000
374332375.0000000000
374626000.0000000000
374919625.0000000000
375213250.0000000000
375506875.0000000000
375800500.0000000000
376094125.0000000000
376387750.0000000000
376681375.0000000000
377606250.0000000000
377912375.0000000000
378218500.0000000000
378524625.0000000000
378830750.0000000000
379136875.0000000000
379443000.0000000000
379749125.0000000000
380055250.0000000000
380361375.0000000000
380667500.0000000000
380973625.0000000000
381279750.0000000000
381585875.0000000000
381892000.0000000000
382198125.0000000000
382504250.0000000000
382810375.0000000000
383116500.0000000000
383422625.0000000000
383728750.0000000000
384034875.0000000000
384341000.0000000000
384647125.0000000000
384953250.0000000000
385259375.0000000000
385565500.0000000000
385871625.0000000000
386177750.0000000000
386483875.0000000000
386790000.0000000000
387096125.0000000000
387402250.0000000000
387708375.0000000000
388014500.0000000000
388320625.0000000000
388626750.0000000000
388932875.0000000000
389239000.0000000000
389545125.0000000000
389851250.0000000000
390157375.0000000000
390463500.0000000000
390769625.0000000000
391075750.0000000000
391381875.0000000000
391688000.0000000000
391994125.0000000000
392300250.0000000000
392606375.0000000000
392918750.0000000000
393237375.0000000000
393556000.0000000000
393874625.0000000000
394193250.0000000000
394511875.0000000000
394830500.0000000000
395149125.0000000000
395467750.0000000000
395786375.0000000000
396105000.0000000000
396423625.0000000000
396742250.0000000000
397060875.0000000000
397379500.0000000000
397698125.0000000000
398016750.0000000000
398335375.0000000000
398654000.0000000000
398972625.0000000000
399291250.0000000000
399609875.0000000000
399928500.0000000000
400247125.0000000000
400565750.0000000000
400884375.0000000000
401203000.0000000000
401521625.0000000000
401840250.0000000000
402158875.0000000000
402477500.0000000000
402796125.0000000000
403114750.0000000000
403433375.0000000000
403752000.0000000000
404070625.0000000000
404389250.0000000000
404707875.0000000000
405026500.0000000000
405345125.0000000000
405663750.0000000000
405982375.0000000000
406301000.0000000000
406619625.0000000000
406938250.0000000000
407256875.0000000000
407575500.0000000000
407894125.0000000000
408212750.0000000000
408531375.0000000000
408231250.0000000000
408562375.0000000000
408893500.0000000000
409224625.0000000000
409555750.0000000000
409886875.0000000000
410218000.0000000000
410549125.0000000000
410880250.0000000000
411211375.0000000000
411542500.0000000000
411873625.0000000000
412204750.0000000000
412535875.0000000000
412867000.0000000000
413198125.0000000000
413529250.0000000000
413860375.0000000000
414191500.0000000000
414522625.0000000000
414853750.0000000000
415184875.0000000000
415516000.0000000000
415847125.0000000000
416178250.0000000000
416509375.0000000000
416840500.0000000000
417171625.0000000000
417502750.0000000000
417833875.0000000000
418165000.0000000000
418496125.0000000000
418827250.0000000000
419158375.0000000000
419489500.0000000000
419820625.0000000000
420151750.0000000000
420482875.0000000000
420814000.0000000000
421145125.0000000000
421476250.0000000000
421807375.0000000000
422138500.0000000000
422469625.0000000000
422800750.0000000000
423131875.0000000000
423463000.0000000000
423794125.0000000000
424125250.0000000000
424456375.0000000000
423543750.0000000000
423887375.0000000000
424231000.0000000000
424574625.0000000000
424918250.0000000000
425261875.0000000000
425605500.0000000000
425949125.0000000000
426292750.0000000000
426636375.0000000000
426980000.0000000000
427323625.0000000000
427667250.0000000000
428010875.0000000000
428354500.0000000000
428698125.0000000000
429041750.0000000000
429385375.0000000000
429729000.0000000000
430072625.0000000000
430416250.0000000000
430759875.0000000000
431103500.0000000000
431447125.0000000000
431790750.0000000000
432134375.0000000000
432478000.0000000000
432821625.0000000000
433165250.0000000000
433508875.0000000000
433852500.0000000000
434196125.0000000000
434539750.0000000000
434883375.0000000000
435227000.0000000000
435570625.0000000000
435914250.0000000000
436257875.0000000000
436601500.0000000000
436945125.0000000000
437288750.0000000000
437632375.0000000000
437976000.0000000000
438319625.0000000000
438663250.0000000000
439006875.0000000000
439350500.0000000000
439694125.0000000000
440037750.0000000000
440381375.0000000000
438856250.0000000000
439212375.0000000000
439568500.0000000000
439924625.0000000000
440280750.0000000000
440636875.0000000000
440993000.0000000000
441349125.0000000000
441705250.0000000000
442061375.0000000000
442417500.0000000000
442773625.0000000000
443129750.0000000000
443485875.0000000000
443842000.0000000000
444198125.0000000000
444554250.0000000000
444910375.0000000000
445266500.0000000000
445622625.0000000000
445978750.0000000000
446334875.0000000000
446691000.0000000000
447047125.0000000000
447403250.0000000000
447759375.0000000000
448115500.0000000000
448471625.0000000000
448827750.0000000000
449183875.0000000000
449540000.0000000000
449896125.0000000000
450252250.0000000000
450608375.0000000000
450964500.0000000000
451320625.0000000000
451676750.0000000000
452032875.0000000000
452389000.0000000000
452745125.0000000000
453101250.0000000000
453457375.0000000000
453813500.0000000000
454169625.0000000000
454525750.0000000000
454881875.0000000000
455238000.0000000000
455594125.0000000000
455950250.0000000000
456306375.0000000000
454168750.0000000000
454537375.0000000000
454906000.0000000000
455274625.0000000000
455643250.0000000000
456011875.0000000000
456380500.0000000000
456749125.0000000000
457117750.0000000000
457486375.0000000000
457855000.0000000000
458223625.0000000000
458592250.0000000000
458960875.0000000000
459329500.0000000000
459698125.0000000000
460066750.0000000000
460435375.0000000000
460804000.0000000000
461172625.0000000000
461541250.0000000000
461909875.0000000000
462278500.0000000000
462647125.0000000000
463015750.0000000000
463384375.0000000000
463753000.0000000000
464121625.0000000000
464490250.0000000000
464858875.0000000000
465227500.0000000000
465596125.0000000000
465964750.0000000000
466333375.0000000000
466702000.0000000000
467070625.0000000000
467439250.0000000000
467807875.0000000000
468176500.0000000000
468545125.0000000000
468913750.0000000000
469282375.0000000000
469651000.0000000000
470019625.0000000000
470388250.0000000000
470756875.0000000000
471125500.0000000000
471494125.0000000000
471862750.0000000000
472231375.0000000000
469481250.0000000000
469862375.0000000000
470243500.0000000000
470624625.0000000000
471005750.0000000000
471386875.0000000000
471768000.0000000000
472149125.0000000000
472530250.0000000000
472911375.0000000000
473292500.0000000000
473673625.0000000000
474054750.0000000000
474435875.0000000000
474817000.0000000000
475198125.0000000000
475579250.0000000000
475960375.0000000000
476341500.0000000000
476722625.0000000000
477103750.0000000000
477484875.0000000000
477866000.0000000000
478247125.0000000000
478628250.0000000000
479009375.0000000000
479390500.0000000000
479771625.0000000000
480152750.0000000000
480533875.0000000000
480915000.0000000000
481296125.0000000000
481677250.0000000000
482058375.0000000000
482439500.0000000000
482820625.0000000000
483201750.0000000000
483582875.0000000000
483964000.0000000000
484345125.0000000000
484726250.0000000000
485107375.0000000000
485488500.0000000000
485869625.0000000000
486250750.0000000000
486631875.0000000000
487013000.0000000000
487394125.0000000000
487775250.0000000000
488156375.0000000000
484793750.0000000000
485187375.0000000000
485581000.0000000000
485974625.0000000000
486368250.0000000000
486761875.0000000000
487155500.0000000000
487549125.0000000000
487942750.0000000000
488336375.0000000000
488730000.0000000000
489123625.0000000000
489517250.0000000000
489910875.0000000000
490304500.0000000000
490698125.0000000000
491091750.0000000000
491485375.0000000000
491879000.0000000000
492272625.0000000000
492666250.0000000000
493059875.0000000000
493453500.0000000000
493847125.0000000000
494240750.0000000000
494634375.0000000000
495028000.0000000000
495421625.0000000000
495815250.0000000000
496208875.0000000000
496602500.0000000000
496996125.0000000000
497389750.0000000000
497783375.0000000000
498177000.0000000000
498570625.0000000000
498964250.0000000000
499357875.0000000000
499751500.0000000000
500145125.0000000000
500538750.0000000000
500932375.0000000000
501326000.0000000000
501719625.0000000000
502113250.0000000000
502506875.0000000000
502900500.0000000000
503294125.0000000000
503687750.0000000000
504081375.0000000000
500106250.0000000000
500512375.0000000000
500918500.0000000000
501324625.0000000000
501730750.0000000000
502136875.0000000000
502543000.0000000000
502949125.0000000000
503355250.0000000000
503761375.0000000000
504167500.0000000000
504573625.0000000000
504979750.0000000000
505385875.0000000000
505792000.0000000000
506198125.0000000000
506604250.0000000000
507010375.0000000000
507416500.0000000000
507822625.0000000000
508228750.0000000000
508634875.0000000000
509041000.0000000000
509447125.0000000000
509853250.0000000000
510259375.0000000000
510665500.0000000000
511071625.0000000000
511477750.0000000000
511883875.0000000000
512290000.0000000000
512696125.0000000000
513102250.0000000000
513508375.0000000000
513914500.0000000000
514320625.0000000000
514726750.0000000000
515132875.0000000000
515539000.0000000000
515945125.0000000000
516351250.0000000000
516757375.0000000000
517163500.0000000000
517569625.0000000000
517975750.0000000000
518381875.0000000000
518788000.0000000000
519194125.0000000000
519600250.0000000000
520006375.0000000000
515418750.0000000000
515837375.0000000000
516256000.0000000000
516674625.0000000000
517093250.0000000000
517511875.0000000000
517930500.0000000000
518349125.0000000000
518767750.0000000000
519186375.0000000000
519605000.0000000000
520023625.0000000000
520442250.0000000000
520860875.0000000000
521279500.0000000000
521698125.0000000000
522116750.0000000000
522535375.0000000000
522954000.0000000000
523372625.0000000000
523791250.0000000000
524209875.0000000000
524628500.0000000000
525047125.0000000000
525465750.0000000000
525884375.0000000000
526303000.0000000000
526721625.0000000000
527140250.0000000000
527558875.0000000000
527977500.0000000000
528396125.0000000000
528814750.0000000000
529233375.0000000000
529652000.0000000000
530070625.0000000000
530489250.0000000000
530907875.0000000000
531326500.0000000000
531745125.0000000000
532163750.0000000000
532582375.0000000000
533001000.0000000000
533419625.0000000000
533838250.0000000000
534256875.0000000000
534675500.0000000000
535094125.0000000000
535512750.0000000000
535931375.0000000000
530731250.0000000000
531162375.0000000000
531593500.0000000000
532024625.0000000000
532455750.0000000000
532886875.0000000000
533318000.0000000000
533749125.0000000000
534180250.0000000000
534611375.0000000000
535042500.0000000000
535473625.0000000000
535904750.0000000000
536335875.0000000000
536767000.0000000000
537198125.0000000000
537629250.0000000000
538060375.0000000000
538491500.0000000000
538922625.0000000000
539353750.0000000000
539784875.0000000000
540216000.0000000000
540647125.0000000000
541078250.0000000000
541509375.0000000000
541940500.0000000000
542371625.0000000000
542802750.0000000000
543233875.0000000000
543665000.0000000000
544096125.0000000000
544527250.0000000000
544958375.0000000000
545389500.0000000000
545820625.0000000000
546251750.0000000000
546682875.0000000000
547114000.0000000000
547545125.0000000000
547976250.0000000000
548407375.0000000000
548838500.0000000000
549269625.0000000000
549700750.0000000000
550131875.0000000000
550563000.0000000000
550994125.0000000000
551425250.0000000000
551856375.0000000000
546043750.0000000000
546487375.0000000000
546931000.0000000000
547374625.0000000000
547818250.0000000000
548261875.0000000000
548705500.0000000000
549149125.0000000000
549592750.0000000000
550036375.0000000000
550480000.0000000000
550923625.0000000000
551367250.0000000000
551810875.0000000000
552254500.0000000000
552698125.0000000000
553141750.0000000000
553585375.0000000000
554029000.0000000000
554472625.0000000000
554916250.0000000000
555359875.0000000000
555803500.0000000000
556247125.0000000000
556690750.0000000000
557134375.0000000000
557578000.0000000000
558021625.0000000000
558465250.0000000000
558908875.0000000000
559352500.0000000000
559796125.0000000000
560239750.0000000000
560683375.0000000000
561127000.0000000000
561570625.0000000000
562014250.0000000000
562457875.0000000000
562901500.0000000000
563345125.0000000000
563788750.0000000000
564232375.0000000000
564676000.0000000000
565119625.0000000000
565563250.0000000000
566006875.0000000000
566450500.0000000000
566894125.0000000000
567337750.0000000000
567781375.0000000000
561356250.0000000000
561812375.0000000000
562268500.0000000000
562724625.0000000000
563180750.0000000000
563636875.0000000000
564093000.0000000000
564549125.0000000000
565005250.0000000000
565461375.0000000000
565917500.0000000000
566373625.0000000000
566829750.0000000000
567285875.0000000000
567742000.0000000000
568198125.0000000000
568654250.0000000000
569110375.0000000000
569566500.0000000000
570022625.0000000000
570478750.0000000000
570934875.0000000000
571391000.0000000000
571847125.0000000000
572303250.0000000000
572759375.0000000000
573215500.0000000000
573671625.0000000000
574127750.0000000000
574583875.0000000000
575040000.0000000000
575496125.0000000000
575952250.0000000000
576408375.0000000000
576864500.0000000000
577320625.0000000000
577776750.0000000000
578232875.0000000000
578689000.0000000000
579145125.0000000000
579601250.0000000000
580057375.0000000000
580513500.0000000000
580969625.0000000000
581425750.0000000000
581881875.0000000000
582338000.0000000000
582794125.0000000000
583250250.0000000000
583706375.0000000000
576668750.0000000000
577137375.0000000000
577606000.0000000000
578074625.0000000000
578543250.0000000000
579011875.0000000000
579480500.0000000000
579949125.0000000000
580417750.0000000000
580886375.0000000000
581355000.0000000000
581823625.0000000000
582292250.0000000000
582760875.0000000000
583229500.0000000000
583698125.0000000000
584166750.0000000000
584635375.0000000000
585104000.0000000000
585572625.0000000000
586041250.0000000000
586509875.0000000000
586978500.0000000000
587447125.0000000000
587915750.0000000000
588384375.0000000000
588853000.0000000000
589321625.0000000000
589790250.0000000000
590258875.0000000000
590727500.0000000000
591196125.0000000000
591664750.0000000000
592133375.0000000000
592602000.0000000000
593070625.0000000000
593539250.0000000000
594007875.0000000000
594476500.0000000000
594945125.0000000000
595413750.0000000000
595882375.0000000000
596351000.0000000000
596819625.0000000000
597288250.0000000000
597756875.0000000000
598225500.0000000000
598694125.0000000000
599162750.0000000000
599631375.0000000000
591981250.0000000000
592462375.0000000000
592943500.0000000000
593424625.0000000000
593905750.0000000000
594386875.0000000000
594868000.0000000000
595349125.0000000000
595830250.0000000000
596311375.0000000000
596792500.0000000000
597273625.0000000000
597754750.0000000000
598235875.0000000000
598717000.0000000000
599198125.0000000000
599679250.0000000000
600160375.0000000000
600641500.0000000000
601122625.0000000000
601603750.0000000000
602084875.0000000000
602566000.0000000000
603047125.0000000000
603528250.0000000000
604009375.0000000000
604490500.0000000000
604971625.0000000000
605452750.0000000000
605933875.0000000000
606415000.0000000000
606896125.0000000000
607377250.0000000000
607858375.0000000000
608339500.0000000000
608820625.0000000000
609301750.0000000000
609782875.0000000000
610264000.0000000000
610745125.0000000000
611226250.0000000000
611707375.0000000000
612188500.0000000000
612669625.0000000000
613150750.0000000000
613631875.0000000000
614113000.0000000000
614594125.0000000000
615075250.0000000000
615556375.0000000000
607293750.0000000000
607787375.0000000000
608281000.0000000000
608774625.0000000000
609268250.0000000000
609761875.0000000000
610255500.0000000000
610749125.0000000000
611242750.0000000000
611736375.0000000000
612230000.0000000000
612723625.0000000000
613217250.0000000000
613710875.0000000000
614204500.0000000000
614698125.0000000000
615191750.0000000000
615685375.0000000000
616179000.0000000000
616672625.0000000000
617166250.0000000000
617659875.0000000000
618153500.0000000000
618647125.0000000000
619140750.0000000000
619634375.0000000000
620128000.0000000000
620621625.0000000000
621115250.0000000000
621608875.0000000000
622102500.0000000000
622596125.0000000000
623089750.0000000000
623583375.0000000000
624077000.0000000000
624570625.0000000000
625064250.0000000000
625557875.0000000000
626051500.0000000000
626545125.0000000000
627038750.0000000000
627532375.0000000000
628026000.0000000000
628519625.0000000000
629013250.0000000000
629506875.0000000000
630000500.0000000000
630494125.0000000000
630987750.0000000000
631481375.0000000000
622606250.0000000000
623112375.0000000000
623618500.0000000000
624124625.0000000000
624630750.0000000000
625136875.0000000000
625643000.0000000000
626149125.0000000000
626655250.0000000000
627161375.0000000000
627667500.0000000000
628173625.0000000000
628679750.0000000000
629185875.0000000000
629692000.0000000000
630198125.0000000000
630704250.0000000000
631210375.0000000000
631716500.0000000000
632222625.0000000000
632728750.0000000000
633234875.0000000000
633741000.0000000000
634247125.0000000000
634753250.0000000000
635259375.0000000000
635765500.0000000000
636271625.0000000000
636777750.0000000000
637283875.0000000000
637790000.0000000000
638296125.0000000000
638802250.0000000000
639308375.0000000000
639814500.0000000000
640320625.0000000000
640826750.0000000000
641332875.0000000000
641839000.0000000000
642345125.0000000000
642851250.0000000000
643357375.0000000000
643863500.0000000000
644369625.0000000000
644875750.0000000000
645381875.0000000000
645888000.0000000000
646394125.0000000000
646900250.0000000000
647406375.0000000000
637918750.0000000000
638437375.0000000000
638956000.0000000000
639474625.0000000000
639993250.0000000000
640511875.0000000000
641030500.0000000000
641549125.0000000000
642067750.0000000000
642586375.0000000000
643105000.0000000000
643623625.0000000000
644142250.0000000000
644660875.0000000000
645179500.0000000000
645698125.0000000000
646216750.0000000000
646735375.0000000000
647254000.0000000000
647772625.0000000000
648291250.0000000000
648809875.0000000000
649328500.0000000000
649847125.0000000000
650365750.0000000000
650884375.0000000000
651403000.0000000000
651921625.0000000000
652440250.0000000000
652958875.0000000000
653477500.0000000000
653996125.0000000000
654514750.0000000000
655033375.0000000000
655552000.0000000000
656070625.0000000000
656589250.0000000000
657107875.0000000000
657626500.0000000000
658145125.0000000000
658663750.0000000000
659182375.0000000000
659701000.0000000000
660219625.0000000000
660738250.0000000000
661256875.0000000000
661775500.0000000000
662294125.0000000000
662812750.0000000000
663331375.0000000000
653231250.0000000000
653762375.0000000000
654293500.0000000000
654824625.0000000000
655355750.0000000000
655886875.0000000000
656418000.0000000000
656949125.0000000000
657480250.0000000000
658011375.0000000000
658542500.0000000000
659073625.0000000000
659604750.0000000000
660135875.0000000000
660667000.0000000000
661198125.0000000000
661729250.0000000000
662260375.0000000000
662791500.0000000000
663322625.0000000000
663853750.0000000000
664384875.0000000000
664916000.0000000000
665447125.0000000000
665978250.0000000000
666509375.0000000000
667040500.0000000000
667571625.0000000000
668102750.0000000000
668633875.0000000000
669165000.0000000000
669696125.0000000000
670227250.0000000000
670758375.0000000000
671289500.0000000000
671820625.0000000000
672351750.0000000000
672882875.0000000000
673414000.0000000000
673945125.0000000000
674476250.0000000000
675007375.0000000000
675538500.0000000000
676069625.0000000000
676600750.0000000000
677131875.0000000000
677663000.0000000000
678194125.0000000000
678725250.0000000000
679256375.0000000000
668543750.0000000000
669087375.0000000000
669631000.0000000000
670174625.0000000000
670718250.0000000000
671261875.0000000000
671805500.0000000000
672349125.0000000000
672892750.0000000000
673436375.0000000000
673980000.0000000000
674523625.0000000000
675067250.0000000000
675610875.0000000000
676154500.0000000000
676698125.0000000000
677241750.0000000000
677785375.0000000000
678329000.0000000000
678872625.0000000000
679416250.0000000000
679959875.0000000000
680503500.0000000000
681047125.0000000000
681590750.0000000000
682134375.0000000000
682678000.0000000000
683221625.0000000000
683765250.0000000000
684308875.0000000000
684852500.0000000000
685396125.0000000000
685939750.0000000000
686483375.0000000000
687027000.0000000000
687570625.0000000000
688114250.0000000000
688657875.0000000000
689201500.0000000000
689745125.0000000000
690288750.0000000000
690832375.0000000000
691376000.0000000000
691919625.0000000000
692463250.0000000000
693006875.0000000000
693550500.0000000000
694094125.0000000000
694637750.0000000000
695181375.0000000000
683856250.0000000000
684412375.0000000000
684968500.0000000000
685524625.0000000000
686080750.0000000000
686636875.0000000000
687193000.0000000000
687749125.0000000000
688305250.0000000000
688861375.0000000000
689417500.0000000000
689973625.0000000000
690529750.0000000000
691085875.0000000000
691642000.0000000000
692198125.0000000000
692754250.0000000000
693310375.0000000000
693866500.0000000000
694422625.0000000000
694978750.0000000000
695534875.0000000000
696091000.0000000000
696647125.0000000000
697203250.0000000000
697759375.0000000000
698315500.0000000000
698871625.0000000000
699427750.0000000000
699983875.0000000000
700540000.0000000000
701096125.0000000000
701652250.0000000000
702208375.0000000000
702764500.0000000000
703320625.0000000000
703876750.0000000000
704432875.0000000000
704989000.0000000000
705545125.0000000000
706101250.0000000000
706657375.0000000000
707213500.0000000000
707769625.0000000000
708325750.0000000000
708881875.0000000000
709438000.0000000000
709994125.0000000000
710550250.0000000000
711106375.0000000000
699168750.0000000000
699737375.0000000000
700306000.0000000000
700874625.0000000000
701443250.0000000000
702011875.0000000000
702580500.0000000000
703149125.0000000000
703717750.0000000000
704286375.0000000000
704855000.0000000000
705423625.0000000000
705992250.0000000000
706560875.0000000000
707129500.0000000000
707698125.0000000000
708266750.0000000000
708835375.0000000000
709404000.0000000000
709972625.0000000000
710541250.0000000000
711109875.0000000000
711678500.0000000000
712247125.0000000000
712815750.0000000000
713384375.0000000000
713953000.0000000000
714521625.0000000000
715090250.0000000000
715658875.0000000000
716227500.0000000000
716796125.0000000000
717364750.0000000000
717933375.0000000000
718502000.0000000000
719070625.0000000000
719639250.0000000000
720207875.0000000000
720776500.0000000000
721345125.0000000000
721913750.0000000000
722482375.0000000000
723051000.0000000000
723619625.0000000000
724188250.0000000000
724756875.0000000000
725325500.0000000000
725894125.0000000000
726462750.0000000000
727031375.0000000000
714481250.0000000000
715062375.0000000000
715643500.0000000000
716224625.0000000000
716805750.0000000000
717386875.0000000000
717968000.0000000000
718549125.0000000000
719130250.0000000000
719711375.0000000000
720292500.0000000000
720873625.0000000000
721454750.0000000000
722035875.0000000000
722617000.0000000000
723198125.0000000000
723779250.0000000000
724360375.0000000000
724941500.0000000000
725522625.0000000000
726103750.0000000000
726684875.0000000000
727266000.0000000000
727847125.0000000000
728428250.0000000000
729009375.0000000000
729590500.0000000000
730171625.0000000000
730752750.0000000000
731333875.0000000000
731915000.0000000000
732496125.0000000000
733077250.0000000000
733658375.0000000000
734239500.0000000000
734820625.0000000000
735401750.0000000000
735982875.0000000000
736564000.0000000000
737145125.0000000000
737726250.0000000000
738307375.0000000000
738888500.0000000000
739469625.0000000000
740050750.0000000000
740631875.0000000000
741213000.0000000000
741794125.0000000000
742375250.0000000000
742956375.0000000000
729793750.0000000000
730387375.0000000000
730981000.0000000000
731574625.0000000000
732168250.0000000000
732761875.0000000000
733355500.0000000000
733949125.0000000000
734542750.0000000000
735136375.0000000000
735730000.0000000000
736323625.0000000000
736917250.0000000000
737510875.0000000000
738104500.0000000000
738698125.0000000000
739291750.0000000000
739885375.0000000000
740479000.0000000000
741072625.0000000000
741666250.0000000000
742259875.0000000000
742853500.0000000000
743447125.0000000000
744040750.0000000000
744634375.0000000000
745228000.0000000000
745821625.0000000000
746415250.0000000000
747008875.0000000000
747602500.0000000000
748196125.0000000000
748789750.0000000000
749383375.0000000000
749977000.0000000000
750570625.0000000000
751164250.0000000000
751757875.0000000000
752351500.0000000000
752945125.0000000000
753538750.0000000000
754132375.0000000000
754726000.0000000000
755319625.0000000000
755913250.0000000000
756506875.0000000000
757100500.0000000000
757694125.0000000000
758287750.0000000000
758881375.0000000000
745106250.0000000000
745712375.0000000000
746318500.0000000000
746924625.0000000000
747530750.0000000000
748136875.0000000000
748743000.0000000000
749349125.0000000000
749955250.0000000000
750561375.0000000000
751167500.0000000000
751773625.0000000000
752379750.0000000000
752985875.0000000000
753592000.0000000000
754198125.0000000000
754804250.0000000000
755410375.0000000000
756016500.0000000000
756622625.0000000000
757228750.0000000000
757834875.0000000000
758441000.0000000000
759047125.0000000000
759653250.0000000000
760259375.0000000000
760865500.0000000000
761471625.0000000000
762077750.0000000000
762683875.0000000000
763290000.0000000000
763896125.0000000000
764502250.0000000000
765108375.0000000000
765714500.0000000000
766320625.0000000000
766926750.0000000000
767532875.0000000000
768139000.0000000000
768745125.0000000000
769351250.0000000000
769957375.0000000000
770563500.0000000000
771169625.0000000000
771775750.0000000000
772381875.0000000000
772988000.0000000000
773594125.0000000000
774200250.0000000000
774806375.0000000000
760418750.0000000000
761037375.0000000000
761656000.0000000000
762274625.0000000000
762893250.0000000000
763511875.0000000000
764130500.0000000000
764749125.0000000000
765367750.0000000000
765986375.0000000000
766605000.0000000000
767223625.0000000000
767842250.0000000000
768460875.0000000000
769079500.0000000000
769698125.0000000000
770316750.0000000000
770935375.0000000000
771554000.0000000000
772172625.0000000000
772791250.0000000000
773409875.0000000000
774028500.0000000000
774647125.0000000000
775265750.0000000000
775884375.0000000000
776503000.0000000000
777121625.0000000000
777740250.0000000000
778358875.0000000000
778977500.0000000000
779596125.0000000000
780214750.0000000000
780833375.0000000000
781452000.0000000000
782070625.0000000000
782689250.0000000000
783307875.0000000000
783926500.0000000000
784545125.0000000000
785163750.0000000000
785782375.0000000000
786401000.0000000000
787019625.0000000000
787638250.0000000000
788256875.0000000000
788875500.0000000000
789494125.0000000000
790112750.0000000000
790731375.0000000000
